00000000
00001000
00001100
11111110
11111110
00001100
00001000
00000000
>
00000000
00000100
00000110
01111111
01111111
00000110
00000100
00000000
#
00011000
00011000
00011000
00011000
01111110
00111100
00011000
00000000
>
00000000
00011000
00011000
00011000
00011000
01111110
00111100
00011000
#
00000000
00010000
00110000
01111111
01111111
00110000
00010000
00000000
>
00000000
00100000
01100000
11111110
11111110
01100000
00100000
00000000
#
00000000
00011000
00111100
01111110
00011000
00011000
00011000
00011000
>
00011000
00111100
01111110
00011000
00011000
00011000
00011000
00000000
