00000000
00111100
00111110
00000110
00011110
00011000
00000000
00011000
>
00111100
00111110
00000110
00011110
00011000
00000000
00011000
00000000
#
00000000
01111110
10000001
10000001
10000001
01100110
00010100
00001100
>
01111110
10000001
10000001
10000001
01100110
00010100
00001100
00000000
#
00000000
11111111
10000001
10110101
10000001
11111111
00011000
00011000
>
00000000
11111111
10000001
10110101
10000001
11111111
00011000
00011000
#
00000000
00011000
00011000
00011000
00011000
00011000
00000000
00011000
>
00011000
00011000
00011000
00011000
00011000
00000000
00011000
00000000
